diary on
L2_1_PG_23 

radius =

    0.4646


AREA =

    0.6781

x =

    2.5789

y =

     0

x =

    0.7854

res_1 =

   0.7071 + 0.7071i

res_2 =

   0.7071 + 0.7071i

verified euler formula
diary off
