diary on
L2_2_PG_27 
Equation of a straight line:

y =

   -2.0000   -1.2500   -0.5000         0    0.5000    1.5000    2.5000    3.0000

Multiply, divide, and exponentiate vectors: 

x =

    0.8415    1.8186    0.4234   -3.0272   -4.7946   -1.6765    4.5989    7.9149    3.7091   -5.4402

y =

    0    0.3333    0.5000    0.6000    0.6667    0.7143    0.7500    0.7778    0.8000    0.8182

z =

    0.8415   -0.1892    0.0458   -0.0180   -0.0053   -0.0275   -0.0195    0.0144   -0.0078   -0.0051

Points on a circle

x =

    2.0000    1.4142    0.0000   -1.4142   -2.0000   -1.4142


y =

    0    1.4142    2.0000    1.4142    0.0000   -1.4142

Equation of circle is verified

Geometric series
deviation_1 =

  -9.7656e-04

deviation_2 =

  -8.8818e-16

deviation_3 =

  0

diary off
